     1     1
    GDAS    25     9    15     0     0
     1 BACKWARD OMEGA   
    25     9    15    12  -64.100  -31.200   411.0
     1 PRESSURE
     1     1    25     9    15    12     0     0     0.0  -64.100  -31.200    411.0    948.8
     1     1    25     9    15    11     0     1    -1.0  -63.913  -32.486    398.9    950.1
     1     1    25     9    15    10     0     2    -2.0  -63.701  -33.758    389.4    951.2
     1     1    25     9    15     9     0     3    -3.0  -63.454  -34.999    372.8    953.1
     1     1    25     9    15     8     0     2    -4.0  -63.183  -36.189    368.9    953.7
     1     1    25     9    15     7     0     1    -5.0  -62.887  -37.338    348.6    956.2
     1     1    25     9    15     6     0     0    -6.0  -62.546  -38.406    321.7    959.5
     1     1    25     9    15     5     0     1    -7.0  -62.175  -39.385    294.6    963.3
     1     1    25     9    15     4     0     2    -8.0  -61.786  -40.325    295.1    963.7
     1     1    25     9    15     3     0     3    -9.0  -61.379  -41.185    276.0    966.1
     1     1    25     9    15     2     0     2   -10.0  -60.955  -41.948    239.4    971.6
     1     1    25     9    15     1     0     1   -11.0  -60.527  -42.656    220.4    974.8
     1     1    25     9    15     0     0     0   -12.0  -60.071  -43.326    225.1    975.0
